10000
4735
4621
5615
802
6029
3353
4478
1112
580
7053
4251
7596
520
3645
8338
1986
8460
7293
4575
949
6724
474
8691
3863
1067
2888
4464
4424
4881
9319
8293
9938
3813
6256
6400
8260
1052
4369
3394
722
9592
4788
7926
7215
9291
6172
1899
7157
6880
8010
475
1561
6071
2123
5102
7556
2618
1854
9435
4670
7480
1809
6646
4186
5956
2507
2719
2594
6200
4252
6424
9802
1297
1011
459
8029
9514
2720
6375
6168
8033
9542
3833
1938
6626
1074
9053
8897
7430
6033
5159
8118
3035
1673
4363
9269
1348
6684
5488
4418
7145
8971
6359
6545
2026
2706
3969
2169
6272
7654
499
6625
3769
5829
1162
6563
6605
1827
9557
8686
8880
9896
3806
6017
1322
9357
9322
6621
4055
4340
4542
7208
4346
7778
5132
563
1648
8363
2816
6176
1414
4889
8748
5317
1167
8174
4130
9682
8495
1227
6225
8131
6262
5991
3563
9564
4033
1609
8509
8989
5710
8003
8817
225
1393
4063
1562
6428
8791
3935
8632
6387
1942
4291
4740
8059
999
3393
8685
2137
8182
88
1231
289
6127
3084
9674
5572
6677
3520
4525
648
421
8711
3989
2487
5304
5500
5335
7061
4805
8390
1742
8162
248
7108
9915
7608
4521
1705
9159
3419
3434
7918
3079
2231
7955
854
8281
4001
481
7482
1226
7756
4980
4992
5654
1014
2236
9984
3154
262
9362
8406
3016
8845
9339
4726
3797
4024
453
5689
3816
5371
9842
2298
1013
7185
9366
9532
4857
7602
6270
2698
3412
3818
3525
466
9482
5897
2557
9947
5301
1721
7354
2289
8848
7057
8733
5737
7406
9406
6786
457
1258
1453
1781
1996
9368
2887
2526
9222
981
774
7699
4138
5768
1375
7412
8375
7121
1642
8055
2711
4365
26
5362
8129
6555
3240
7158
9247
5234
2337
8833
5814
2954
3527
1773
8847
1105
4717
3736
3528
1357
5346
6188
5606
2518
2012
2522
235
8077
1701
6254
245
4833
8877
3264
14
5912
7274
785
8950
5893
3095
8765
150
1533
7987
9734
4025
1916
1238
6949
9946
1475
7408
6443
4183
7685
1808
8214
518
2493
3265
7696
4595
3312
3090
1070
7902
2321
8438
1819
7232
8575
7914
4447
3570
3822
2003
2037
9413
3319
1206
51
6264
5754
8296
2521
566
8167
1706
2870
9589
4450
8535
6905
2208
2917
8668
6924
515
594
2962
7851
75
9905
5951
1860
4773
1514
1934
4851
4154
3405
7243
5895
5194
2745
2554
3432
4286
4336
3575
4231
8382
1614
25
4700
8275
8389
9345
137
9328
5723
9023
1877
5851
9823
1321
6532
4782
2766
1452
8623
4094
3692
7493
3703
2912
4338
9158
1988
6953
4497
2901
4711
7175
2239
9516
4500
6920
6652
253
7387
4547
2210
1115
2368
5748
5530
8560
8894
6330
5931
6782
1896
9079
8608
7978
8865
7905
870
8626
2935
2631
170
9121
8298
4011
519
9540
6612
244
9239
7539
3195
8738
9451
4225
66
7103
1558
9685
7008
2145
9230
6630
2363
872
8038
9822
6402
190
909
5705
3438
3523
2639
4072
624
9475
2455
3455
3954
2674
7291
429
8960
5539
6732
6913
7359
8592
1327
1816
3800
6307
7982
7897
263
4835
3479
7072
5767
7204
1193
216
4515
2617
8824
8024
1928
9705
5694
2958
9552
2318
4364
7219
7501
4723
1910
163
8959
9858
8958
6653
8393
2238
5296
4929
4854
8255
5877
4640
947
657
617
5155
9479
1438
300
7705
8350
3929
5276
1298
5804
7688
8588
8864
1837
4820
213
745
266
772
8434
678
4084
1171
9958
3619
7988
4734
8986
4082
4277
7674
7985
6473
9890
9017
953
6564
8320
7572
9974
5706
1359
6295
3427
1076
3223
3235
5345
5738
1930
3230
7776
8105
7126
3130
3524
9348
1413
2770
7945
7311
5681
4747
8285
1386
9164
3021
2647
8234
3841
6351
6380
3386
8333
6331
7552
9492
9040
5306
5837
2672
4741
8837
1444
2619
8267
4884
8137
3462
4894
560
285
3005
5291
898
9513
2316
7782
2039
6879
3251
3505
2036
9430
1220
6072
3237
3864
1061
1780
1901
2553
5083
876
1855
9918
5316
4199
5707
4258
9495
4959
8475
2070
4219
6527
6479
6561
8900
5071
5892
5729
4589
5541
527
8909
8314
9892
2514
7032
5129
1528
4395
6549
337
9497
5831
8771
840
3490
2596
5749
2327
934
111
9770
5833
8567
2467
2025
5769
1347
2839
4590
2742
1018
1033
5451
2699
8757
1631
3161
6530
7071
8112
9796
4860
7775
3641
6449
2550
1402
3724
615
8843
942
4564
3881
1079
9581
8764
8087
6163
8220
3592
7582
5166
5135
8928
925
3826
5786
2404
5397
812
6241
5776
3477
9935
3304
5565
5386
5698
5179
6986
8993
5358
4071
1794
5678
8701
5969
2001
1201
7369
5623
3504
2017
1894
8218
5492
9469
8496
3311
4103
8899
3858
1457
3019
5712
3936
6222
8587
9175
3946
4044
6020
2312
2861
383
6754
5105
9872
1522
4654
331
7929
5825
8574
5223
2198
143
70
2940
5570
4659
673
2041
759
4119
6491
3406
7884
1990
2143
6339
7564
3375
973
7802
2418
4601
1045
1783
4196
6132
2395
6108
5493
2483
7418
5273
4879
8217
7721
3218
5174
6265
1589
3452
2611
8795
3770
5185
2058
3177
7144
5259
1669
6469
4762
6864
4116
9285
4861
7327
4326
1982
8570
5403
8085
2768
8050
2822
3794
4688
7584
2402
5659
1965
7510
5578
536
3475
1555
1027
8514
8705
5960
2150
304
5517
9623
9956
8568
8504
2450
1903
1568
320
1198
7894
8887
8922
8974
4944
2064
6399
3765
8687
6041
7055
6565
8194
2335
701
5532
3277
5920
4838
7390
2293
9560
4015
6959
6397
3345
3782
8561
9894
2496
1178
8873
101
3126
2552
2421
7513
8921
8518
444
4583
2657
674
3461
9861
284
5487
5686
6881
4909
9506
4105
5014
3430
5933
7234
1494
9511
7465
8657
5269
3850
288
5756
2898
2391
7759
5955
723
7663
9173
7111
7586
7976
2544
5483
4666
2379
4247
8300
5287
7192
1932
768
4315
3333
6965
5106
1600
4971
8683
2575
1265
6703
9361
9496
2686
6414
929
3580
1380
5350
525
174
4166
2068
8381
7043
4917
82
6757
50
825
8374
603
6736
7440
2326
1883
5409
8663
4683
5688
8146
1252
8094
7662
7665
8484
6426
5029
6363
7997
8773
4134
1544
4790
7768
9021
6244
944
2873
2578
7568
3549
506
2803
5499
3134
6818
1976
868
9590
8049
2149
5868
8499
8828
7478
1214
1425
8541
4661
545
3162
1292
2530
6138
7281
6544
9941
3334
3772
4409
2344
3071
2608
3280
9675
6691
9761
8622
7558
1197
6538
2621
5295
1688
380
8730
5107
4357
5137
9452
6662
7152
201
1828
17
5272
3617
7962
9875
1423
8257
7210
6413
3064
8552
9481
43
8602
1581
196
6785
9125
8321
5428
4245
2214
8724
4844
1501
996
4487
8964
7187
2879
5412
3666
6576
6990
9279
9948
8992
6065
7078
9797
5373
4437
4839
2331
9916
3159
7886
1757
4016
9111
7733
4823
5124
5906
4763
589
7040
7162
1952
6878
8164
7015
3470
54
9656
3245
3166
5714
1455
2089
9217
9282
6891
8882
5356
1619
83
7652
9449
9505
8533
6821
1293
4645
8580
7525
2000
4910
7370
7704
5996
8537
4155
4273
377
7206
6316
2775
5842
8222
2373
1229
523
2818
2620
9490
8253
6769
3424
2199
5212
6987
184
6293
7348
8625
613
6979
5889
7755
6803
9242
8586
4633
5264
6901
167
9427
3831
8534
1818
6507
9077
8513
9553
1829
5006
7273
5538
4883
9169
8505
6470
7509
7098
3943
2350
4220
2153
7437
1266
3895
1021
6967
3601
9922
8016
7254
8719
8418
2273
4729
6992
2189
9677
4456
1519
160
5761
309
9891
9525
5087
6753
1071
9400
1979
4229
3885
9155
683
7580
6009
6619
3316
2547
3894
2294
5189
5156
5913
5407
4485
9639
3708
1993
7105
3182
4177
1410
6734
4905
9579
1371
7595
3809
6135
3905
480
4309
6874
9679
9762
2333
7668
4375
5387
9717
8244
3582
9478
7326
8119
3355
3609
9221
4718
9183
7402
2852
8353
892
7855
9390
3282
9867
9731
4482
4439
8666
6130
3812
9294
550
1908
3807
5357
7599
149
1792
4343
1786
8806
6755
2588
2115
7082
365
2030
1884
690
5605
9571
1490
4815
9150
8793
6492
8997
6596
770
4341
8917
2132
2424
2727
3572
8943
5197
8258
3648
6820
3702
1139
5569
7677
9576
4690
5202
2656
1153
7216
2476
3007
8310
707
4198
6128
67
6227
3928
727
863
9601
5882
6516
3341
4888
3194
267
6139
9764
458
3436
2769
1961
5747
4366
9578
2425
7994
6847
9700
8053
7297
8648
3951
2517
6939
3243
2972
7864
4620
5343
8787
7473
1787
114
5601
439
524
1305
4255
123
2948
6722
7700
5263
4448
276
3733
3511
3537
4506
6921
2791
7863
7021
7427
9251
3422
8347
2272
3128
440
3589
1422
7803
2561
8430
7371
6089
4932
8297
8840
2585
5697
1245
9566
2755
3873
251
2095
3532
5666
7615
3502
6341
6337
5973
9327
1507
7858
501
6338
5860
8525
2330
9857
8675
4519
1846
4268
8090
9410
4
1009
2823
9154
6358
1316
3958
5922
2855
2943
8188
8376
8138
392
5028
3626
797
3204
7946
6191
2352
368
370
8035
178
5785
2884
8557
6383
9759
3380
4314
2260
9643
9572
7227
7614
3577
4305
9051
1540
1693
7984
1326
9603
969
3102
2671
211
5154
3748
4559
9123
3288
7279
448
7917
7058
4411
7883
6126
3113
3767
3538
1262
7052
8322
5411
4126
6335
1277
1980
45
838
427
8498
6382
691
8416
1606
8605
7240
5468
9411
7788
454
5042
1300
3562
2462
9617
9013
1325
5602
5534
3112
1069
3913
5979
2342
8062
7912
1615
4113
4967
3746
7811
6398
6931
1859
9757
9967
3286
8299
2083
8947
6579
4067
1505
1168
6668
1676
2924
2399
3639
6468
9964
1661
9546
3759
1361
4083
6783
1959
846
1022
6046
3590
5673
2155
6378
8500
4916
3785
9290
6696
1679
5671
9930
9519
1269
6051
505
2558
8779
4560
2306
6689
7529
4043
6183
985
4810
5617
2092
9851
2253
105
3315
7645
8301
2623
4866
4830
9957
1281
4686
3600
7534
9082
1677
5058
8412
9559
1090
7783
6314
4738
1612
7871
4602
2982
9453
1234
5734
9287
5462
3655
422
5632
8043
2447
8044
2244
468
4578
9401
5636
2181
3539
6063
3001
5380
8480
6311
783
60
3361
8890
5871
5692
5936
7407
2942
1337
1569
3036
7414
3509
1593
2800
2237
3741
9812
7834
1639
5537
7533
4724
3454
2541
6053
8822
4803
6838
5433
5781
6343
7245
2171
1825
4669
7900
1752
3804
4968
6610
171
3039
5162
4845
4596
1590
3137
3847
5878
6008
9460
4168
6182
5792
4979
407
1635
5066
2111
6692
878
1626
7827
7939
5937
9195
6077
3302
720
9606
5054
44
1450
5023
4085
5939
9358
3054
6582
7565
4230
3673
4607
1768
6683
5649
5044
3810
2820
164
386
9072
9914
967
569
7877
9095
412
740
5450
1745
4308
3474
4217
7479
9165
2714
9642
2482
3273
347
4114
639
6562
8398
7389
2572
976
5408
4694
6506
6010
2645
8402
1319
6119
7095
2819
7632
436
2654
3228
2077
2638
1098
6281
2750
4029
1251
402
1743
8490
5303
6893
5201
1495
3160
3347
6794
7451
9620
2682
4045
1640
4873
7093
6927
8827
9237
416
1446
8670
9203
1909
4132
8934
1031
2508
5173
3883
5820
543
1937
115
6287
4588
9622
500
5331
702
4349
7891
9141
6023
7495
894
5378
2139
5502
3398
2454
7842
6379
5393
5458
1845
2978
6498
9259
3861
4946
4205
5389
217
8290
2283
3205
1093
2965
6943
9208
2383
2737
7879
3712
8783
7209
6415
5061
6678
8282
2551
8590
9883
5934
3738
6274
6052
4928
5720
1978
9117
2264
3429
9961
7808
7960
2023
9821
1025
6766
7386
7069
3622
2010
5507
647
3853
1801
2636
7205
9301
8022
9942
4796
7972
7166
857
4269
4829
5838
5992
7202
926
7320
7816
998
3993
4585
5674
9789
9336
8125
8553
8291
5927
9061
9971
2559
7300
826
3254
1904
1736
970
3697
1419
4754
4124
3401
8501
7466
3390
3752
7957
4804
6294
8166
4832
3890
6593
5161
8287
9088
5290
1256
8583
9820
2129
491
4325
8907
195
9060
7825
4307
3755
3356
3096
9575
3659
8362
6501
1189
3545
5713
6129
9850
80
1294
7341
1509
1435
3281
1551
3602
6350
4523
1753
9702
7468
658
2220
6570
4003
6097
4674
9153
2890
1492
1225
2840
1537
5631
8708
8895
950
7333
5374
8731
8849
3328
4696
4558
5865
5751
3940
351
9409
877
6661
7288
9392
6113
5650
2797
3569
2716
3870
4555
9063
650
2955
8030
2782
476
6095
9412
7340
8208
411
2233
8443
2252
5470
6267
5347
4623
5180
5946
3637
2868
7805
5043
5354
1411
3921
4667
8304
1702
9710
2783
3720
8140
2904
8746
9799
7443
4605
1195
2790
3085
5466
5130
8327
293
8621
9004
529
8808
3011
7630
5448
1185
6353
8862
3368
1280
3597
6035
135
7758
7239
7603
6936
9804
709
7965
2556
729
3960
6660
2713
7286
9298
9888
2933
5700
2811
4524
5220
7079
1791
9549
5235
5348
8923
8935
530
687
110
9936
7132
5390
6277
3258
3536
5231
6175
9383
1035
6642
5114
10
6521
2564
769
2488
6187
8538
3157
3242
4940
4427
5471
8975
1759
5073
4038
3566
2725
6005
9174
6056
5221
7115
5626
6189
1366
3811
5802
6011
1602
5888
3387
3123
4221
363
9149
7452
9929
938
2515
689
6433
2492
5618
3623
4184
1660
2426
2510
8761
1394
3061
6534
1953
5728
3880
1594
3172
2191
9330
1797
6855
7731
9131
8977
8573
5363
9360
7844
3322
2808
3492
1039
8918
2232
6253
4720
151
4066
3550
2535
6013
9632
6669
4429
7048
3802
8107
7536
147
2173
6885
61
561
437
3817
6147
6049
227
3819
914
5571
258
6844
3372
6500
5876
8334
3203
358
8831
208
9268
2734
724
3252
8550
5479
7405
3628
8442
237
1643
4898
5797
3029
1254
6000
1208
3063
9866
4388
7683
7149
9236
7931
7540
5465
5328
5867
3040
9142
7505
4332
125
1352
8656
9185
6933
2610
7148
2995
6978
69
6477
8415
7228
8079
911
8782
7853
6969
9735
3512
3200
3900
4847
8633
9701
8585
756
2989
706
5787
5614
6676
2571
4061
2854
2704
1344
1392
9084
7684
7018
9050
4957
5047
2893
7601
8150
5112
1576
2108
361
9283
5381
3576
2900
6454
4117
6006
5784
8108
9758
5086
2604
2308
5232
9039
6508
8946
2615
6567
7515
438
8046
6297
5496
1972
2970
9574
6525
2814
5170
2088
294
5746
4112
2633
6797
5806
7794
5988
3771
5229
5081
1445
1233
9436
9216
7131
7374
5763
1257
7895
5248
8075
4569
2174
2117
8767
7182
5759
533
6569
9234
8727
8617
7153
2140
1529
2211
8277
6136
9367
5809
4197
8463
7314
2764
832
6279
3526
3488
6729
4455
9068
1530
5695
1299
656
7500
4457
5093
9951
5064
4096
5743
4417
5278
3625
8957
595
4248
5561
2990
2334
8437
4953
2105
8984
2863
3907
4837
9037
3318
9447
7770
7049
628
7306
3441
4234
6204
3408
7290
3131
564
8097
2991
4476
4728
4327
3262
5245
2998
2146
6598
5446
6193
3343
607
1433
6228
4887
8370
5422
3024
1216
6160
2715
7154
1003
2501
7896
2607
1320
2290
3075
767
9736
6362
5836
3396
7880
6133
343
1778
3206
1875
2142
7973
5690
6589
7318
6159
6674
9387
6367
3983
3087
1180
6798
5911
6034
3542
6467
6141
8323
7749
3930
2665
9105
8910
473
8839
2626
8982
4972
6401
753
2304
2692
3925
8070
3238
3469
537
9547
4454
5340
4414
6620
6306
9767
3578
2313
780
9653
9839
355
8361
6365
6156
1641
9696
4274
8652
9848
5208
7954
2104
7321
9304
6496
9144
7936
8603
9166
8111
6192
9634
4563
3707
7127
3897
3727
6568
597
3012
7903
2874
8371
1878
3342
3910
9101
8673
7238
6940
5068
7830
1379
3201
8948
4140
3634
8037
3094
951
6560
8998
490
3604
8662
1763
4848
8483
6015
7657
8881
2269
5766
4610
1140
1480
8061
8295
3574
8153
9333
528
7034
7448
5101
5302
2480
9904
7236
8420
3256
2499
8744
5325
9140
5612
1127
1981
9278
2381
762
5425
6448
931
6997
1202
1498
9651
8294
742
907
9876
4615
5319
8674
3735
9709
8204
3323
9943
7419
3621
3995
6109
3744
7915
8472
5840
1709
6286
3613
8516
1871
1618
8448
1184
3385
9307
1663
9693
9288
3753
2112
7280
1144
5498
6977
5817
1572
1534
3313
9011
372
9917
4400
5183
5796
6675
5401
2835
485
4550
7833
622
3963
1200
7680
9384
2701
5944
582
9979
2605
2464
6152
6542
6919
5929
108
6824
806
3614
1810
5883
9939
7217
9260
1799
535
2579
5664
134
9841
8441
919
5757
8520
7989
4963
8191
3167
3247
119
7136
3410
3402
6540
4604
4099
6445
8743
4446
4147
5904
5793
9963
859
4867
9911
6465
1906
2587
6123
8643
4185
1548
305
5642
9855
2217
2439
1644
9167
1654
3860
2187
8265
2050
7975
9609
6257
3906
1282
3669
9600
4484
9950
2997
4107
7843
4859
4612
7201
6964
4019
307
600
5399
3923
4317
4849
833
7490
3117
1536
7097
2249
6036
7577
8245
1426
7258
1272
364
9774
4192
744
5799
5627
5503
3933
5475
1250
873
4756
5080
6982
41
3998
4893
7822
6326
1157
1907
6645
6504
1927
7487
181
2591
7331
1995
7589
7999
4668
7920
6781
2812
3711
228
5167
2999
590
1963
2106
7961
8507
5330
1478
9181
2843
7063
7885
1815
626
141
8083
5684
9919
6325
8710
9070
1900
5533
6431
3246
4390
172
7503
7538
1758
3896
8598
2909
5414
5977
9877
1353
9213
3952
5874
9697
9631
9264
7930
696
5599
4180
9273
8482
685
9618
8141
2603
1970
2162
6269
8532
4477
1451
242
6392
9145
2282
5964
9425
8886
8858
9969
1737
8157
4053
2627
8702
3120
274
132
9343
16
3899
3571
2944
8199
498
5529
456
7634
3050
9106
1983
1543
3650
2188
4249
2180
9833
8332
8519
9049
1381
291
4276
3480
8026
9636
8082
117
1218
3057
4360
8954
1291
6355
8316
7927
3603
9393
883
7298
6371
1624
1997
8905
96
1601
9940
8939
3208
3101
6635
3308
8752
6345
4787
6650
428
9569
5560
788
1554
3671
6352
6145
4271
2712
4539
9807
371
5368
7400
5111
4212
4432
716
5803
4158
710
3519
6774
8834
6792
1142
7107
2981
643
654
5285
6304
6323
3503
749
3832
8816
3026
6125
59
5336
4020
5442
2206
5957
662
7181
5995
8676
5016
9748
2511
5523
4302
6451
486
1814
9472
779
8152
5213
8014
5853
2251
3808
2038
3031
512
3962
7828
1697
183
1685
4097
1364
2838
7180
9178
922
2889
8528
1657
4715
6237
3548
9035
9429
1270
9389
4566
3882
3695
2367
6450
9080
3338
6934
4703
2977
3984
7253
8815
4496
6836
4475
9814
866
4175
1072
3175
8351
3710
3169
1104
6896
6250
5740
3171
6804
4973
9878
3140
7559
1769
7028
739
9445
6417
5195
7295
1042
4850
1335
4650
4377
403
8620
9747
9139
5628
443
7176
4206
8432
2780
9224
6837
2707
2227
3757
9489
5810
8970
9704
6539
2057
5237
7017
5241
209
7933
6085
9211
7455
2941
401
913
6319
2398
3199
8236
8458
5035
7592
6775
7869
1323
9580
4561
5789
8996
3777
7854
8631
971
2276
338
1264
7171
3606
3970
7659
800
4931
6322
7813
6618
8734
4778
4821
8002
9085
8340
7225
6104
4986
7876
1939
6261
1192
8274
835
900
9655
1462
432
2405
146
1858
4658
2221
8991
9271
2192
9657
9907
2432
3278
6229
1885
1948
3105
781
8641
4304
4491
5586
8487
8578
719
962
5841
8142
9720
8177
2853
5527
3593
5552
4926
6456
9426
4394
2299
4128
6765
1092
1777
7667
4577
7785
7870
56
3344
5172
8380
5369
4139
3067
9092
8601
6900
7906
1130
1790
7530
1521
5377
893
5696
2650
728
4996
9962
6629
2562
5293
5949
7841
1049
7230
1627
5813
2735
6876
4285
64
1872
9616
1516
7355
8132
5286
1796
4091
6884
4800
4261
8898
6369
3685
852
2964
5339
2864
3513
9420
3996
1289
9323
4481
4853
4473
6752
4022
6260
1273
6075
6777
2776
4687
5994
1342
3518
570
5954
360
538
3241
7102
7139
5372
3044
5280
2195
9740
8698
8542
9318
1523
9543
1811
3449
3927
4719
9379
1125
3114
8455
9032
649
3660
5088
8092
8192
7242
2158
4641
5429
9241
7313
9052
4122
1575
2891
1084
3147
5438
619
2437
1714
5875
2680
4642
5775
757
7732
7463
6622
6292
5226
6231
3674
2296
3409
6529
65
4370
2266
378
6101
1689
8476
5968
6214
692
6942
1560
3691
3020
7621
5355
2896
6657
2792
972
9137
1716
7569
7695
1263
4156
1513
891
433
6875
8256
4570
3892
3699
4786
3383
9573
4943
5048
6178
556
2098
3392
5966
4565
8240
7738
7133
9057
2844
8581
1489
7494
5134
5945
2262
8284
3296
6313
5553
221
7535
9998
5859
1571
389
8249
6332
2778
549
810
4541
4775
9220
7512
614
5791
2452
3144
9083
4526
2576
1089
2459
122
4002
2506
555
2987
6941
6999
4026
9270
1177
9972
3636
4135
2336
2710
958
5467
1040
8354
5495
3269
9408
1166
6989
5020
46
2394
6802
2703
3049
2161
8008
6116
939
8671
7469
1274
8872
9843
6651
283
2845
1740
9535
6894
1672
5078
3448
3446
2833
1405
9364
7130
2905
3121
9825
6060
7394
3972
3982
7324
4143
8838
6298
2420
8110
3070
651
6665
8231
557
148
8116
1656
3330
8102
2669
799
7628
3579
786
8189
9397
8330
4824
9776
3236
1998
9498
4999
3878
9533
2053
4619
5652
3202
4567
5266
1479
9524
342
5308
9346
9138
2230
8547
7025
9098
1078
1248
2069
2717
4518
435
9373
9780
2018
7365
8023
5581
3640
1651
5382
1108
4488
5584
8818
1324
1604
5844
8041
3967
7116
2952
156
3977
6003
348
7958
4924
8405
8461
6406
2475
5862
4885
4868
4052
4549
8868
1036
7275
4125
1119
3615
5771
4017
5104
2793
2114
275
8558
9499
8230
8965
6787
5461
7241
5142
4209
1890
6165
4242
4062
3980
2422
3327
1317
9440
2967
1175
9966
2659
3658
5085
1002
2172
40
6744
8385
6957
7177
8938
316
4474
820
8328
6368
5861
9537
1363
6217
1212
4460
5638
6877
5275
6266
574
8740
7450
7404
7269
7620
809
5222
1760
4295
3074
895
8735
7250
8000
6374
9773
6143
864
588
7919
1727
7283
4037
1686
1766
4371
5907
1038
9555
9719
5233
8521
5509
672
2323
6111
6234
567
927
5998
9718
7457
1969
410
5902
8262
4643
5121
7089
2443
5622
8324
8306
1857
8703
9745
9458
2946
9484
9046
5268
3665
9097
2314
9548
7563
4470
3086
3136
9421
8637
9310
4297
7532
7299
4080
3360
224
611
9485
2624
6434
6377
5060
1223
9110
890
346
6611
843
703
5782
3292
357
5031
3089
9076
1856
6091
9698
1919
1924
6543
4108
9363
7020
5772
6258
1863
8634
8200
1099
47
7995
6643
765
6745
539
4260
667
349
3179
2126
8823
6488
6723
7817
1068
7829
9539
9062
8451
7799
6142
2678
4104
4769
7396
8961
9385
7065
2922
1785
1496
1500
4413
8682
4257
2031
5341
8790
2125
7588
1524
7140
4892
4656
3415
306
6069
5514
7257
5685
2613
5513
9352
6233
4263
8309
4032
845
5383
159
6276
4355
9908
8554
5847
5501
3872
4982
22
7969
7272
2271
3953
4827
2929
816
3683
5925
4353
3018
194
7660
9602
7966
6883
6980
8151
760
9256
7573
7801
3886
4240
2019
2866
5983
7159
6928
6381
9094
2014
5351
9284
8597
6157
7671
5299
9253
6418
2985
1237
63
761
7772
8546
2446
1713
344
7027
2218
7090
1100
8139
9732
9541
8292
7470
3796
7562
725
5620
3799
374
3249
9879
2362
3226
1304
6517
6043
2157
8408
7837
9665
2679
6327
9215
8086
4988
7070
270
7221
6866
5863
9263
9730
2366
4188
4159
623
7600
1847
2502
7212
6088
9847
5210
7198
1255
4466
6483
6970
2177
3992
7296
4571
8028
9465
8908
3764
5075
239
3700
508
5178
4903
6613
6994
4801
3687
9714
5168
3971
6974
3516
6902
5143
1268
449
834
3728
6438
3584
9403
6340
8015
9790
1102
4811
6347
93
1312
8373
5864
3270
8235
2349
3774
7719
2358
6963
7042
3458
1582
3267
9476
7165
9785
6242
1083
6386
5091
6457
2979
4586
8048
5478
5941
9860
5205
9909
6121
8104
264
451
1710
5255
9536
6410
4685
2156
8901
1951
5643
6357
665
6886
6432
7707
7748
1658
4050
4749
6771
7606
775
5548
5750
9529
2524
2883
7862
7141
9721
5405
6819
5490
5961
9688
3729
2131
1424
8224
9863
4692
271
3352
7587
5432
4983
7545
3763
2606
445
7983
2348
8876
4289
7664
10000
7752
2274
1586
1111
5240
7712
6055
2950
6154
8511
185
8149
4092
4530
3944
5011
661
7554
746
2527
2357
847
6898
2907
4935
5152
1332
4148
4611
2478
1971
8825
4021
621
5216
4587
2035
5323
3229
7549
7398
4352
6032
8378
6042
9129
2663
3778
7571
7442
2380
118
978
5709
336
2676
7517
483
8352
7498
1491
9372
6022
7723
2247
5646
6206
5070
6845
7636
335
602
2186
7838
144
3221
5790
6019
1977
9599
255
9671
9207
2667
5515
3915
6
4856
1913
4626
1585
7676
7626
5900
8723
157
3032
4834
5013
712
4698
6505
7118
420
7773
1041
3027
2242
9670
4644
3109
7547
6321
6867
3533
9468
9493
7251
8856
434
6082
8736
789
3828
3856
2733
6396
9340
5894
340
6932
5460
1164
9791
5600
5218
8489
7892
9772
9954
8999
6574
6954
5923
1182
9354
5962
5899
1417
6609
2110
7492
9530
2479
532
7993
2086
417
2747
6773
6098
3950
2926
7233
8124
2013
2376
4572
4127
3362
4426
8636
5721
7423
6946
9103
2772
3305
4672
4902
4937
7701
7713
7726
1874
3916
6208
2453
7128
2787
8692
7294
743
2406
3644
763
1183
8109
2549
230
930
679
6385
4556
4100
9293
1925
8198
4335
2765
1440
8987
3150
315
7488
379
8250
3244
8453
713
7697
9124
4004
3119
1288
8486
9912
2472
1057
2343
4942
5516
2345
9128
6169
8242
8366
9711
1463
7980
9177
9568
5597
4764
7753
9289
6721
8612
9280
6832
8870
8653
5986
9008
2788
5818
9419
5224
9707
9881
6917
836
9055
9886
3135
1328
464
8364
455
2470
8414
4722
9444
9113
8388
3829
1232
4089
5959
2213
7521
9206
4303
827
1362
4600
3842
5365
6271
7746
6750
3365
404
3395
5823
805
1824
188
4915
1188
5015
3404
577
5426
4136
7990
1283
6709
4373
2984
1114
986
7819
4864
7246
6795
6984
430
5238
3849
2590
4275
1592
823
8034
9862
8664
5848
4486
9750
2841
1037
7720
2695
4070
5727
1147
6312
6039
7635
9456
9981
3616
9786
4736
9255
5324
5053
3959
8667
5637
4171
5972
1806
8654
3363
4591
4490
4049
680
9381
5473
9995
8345
7607
2285
2599
4282
910
6863
3045
52
9689
9815
957
6897
3132
8798
3884
6580
4141
4397
8889
9374
3901
18
918
3667
1308
9086
5019
3091
3381
5334
1798
9638
7970
4609
7403
1565
6263
8315
8915
4761
3116
1151
2945
7367
8855
6693
3445
8696
5469
200
7368
7661
5366
423
4398
6150
6972
1698
7188
8474
6796
6631
575
8470
8604
6464
9168
1249
1302
3938
1744
2435
2382
4874
4160
4005
3216
7164
6170
9463
3558
7727
11
6584
8963
7484
932
7434
280
6037
2067
917
7349
7393
3
3837
3787
8431
7168
2723
4677
3949
3491
9312
3041
8269
5037
9713
4936
2097
265
9016
7583
516
9020
7618
3139
1888
5480
8861
2581
7147
2007
6403
9160
4582
5430
5926
8714
1756
5683
2539
2523
4985
1024
9342
4358
2170
8769
8013
9738
5741
3127
5089
1788
2635
236
5477
4702
1547
8045
2044
4165
3073
888
9925
1383
8039
2992
9627
4995
4425
7611
8801
6080
393
7979
7310
6318
1165
7678
6309
1933
642
7575
5885
6373
2040
2457
5034
3450
2580
2949
5958
1315
4628
6291
6236
731
1358
4951
6733
3196
9210
7189
4814
4493
1918
8749
8006
1550
2021
3170
2799
7543
795
1954
6404
3889
9483
2817
4224
3677
1628
4513
3197
7850
954
1770
8932
4708
7267
390
8042
2652
676
400
6624
332
1008
9133
1923
2034
2410
3346
277
1715
1403
1387
7867
333
3560
1929
4046
2630
8445
7679
517
5417
4869
1966
7641
3871
1094
3681
7873
7094
9089
9889
4133
609
2543
1587
5975
3948
5017
2860
9906
310
1486
9157
7622
12
4676
1667
7342
4994
2270
7702
9619
4846
482
8911
6458
29
3487
9299
116
4706
6248
89
6528
4503
484
9846
7967
1082
3108
1720
9595
9355
6788
9507
5682
2224
8339
7456
3555
7649
9065
4153
2060
1442
6480
8649
7199
5200
3421
9635
3725
8447
9473
1276
7330
2364
2441
4401
5191
8007
3141
2785
3931
1836
4030
3766
8607
4152
3647
2655
5607
4594
5938
1696
6851
3310
431
1146
222
4494
177
1481
9827
2136
49
3981
9347
5989
5858
875
6842
5388
8031
3463
120
1573
4771
3107
5437
7887
6472
547
3768
9093
3517
4467
5116
9652
9201
2688
8860
9029
9703
2429
1441
4109
8776
8312
5418
7578
4090
2474
5281
853
3213
4014
1246
5320
5004
3294
4765
3991
5733
4597
5027
3142
7675
2537
7146
3495
3682
1032
7237
7796
7047
2569
4368
4144
6430
9801
8128
9415
4660
9864
5953
7444
7717
7247
7612
705
5901
2730
9461
8331
6099
4691
7793
2465
8545
3043
4709
9292
4603
1891
2319
7410
993
9108
6194
4036
7316
1170
5074
9976
3426
7557
9380
1043
8937
1610
7689
463
8807
6179
1820
8158
4632
5146
4299
472
3124
1741
965
5788
5543
3133
1054
6670
2090
205
9695
4791
6704
5138
8407
1430
7029
1148
6671
5404
9075
9900
6499
4713
5952
1774
8780
3966
9073
4813
6394
2280
2130
7566
1199
1866
3418
3048
2748
2759
6761
7687
6284
6146
7446
7030
3209
3274
2490
7923
9699
2116
4330
1412
3508
8068
3961
1803
9626
8638
1804
1694
2876
4806
6096
4505
5445
9544
9171
5808
2566
2894
7378
1839
9226
3706
4680
3783
9586
5190
5978
5558
9028
5557
7804
4863
6686
3745
565
352
7429
7302
6604
791
2749
7384
8211
5140
9470
1384
2681
3678
3862
3596
4679
6301
5065
7
4739
3642
9835
6212
2486
8394
1650
231
6038
5585
5826
9663
85
790
9324
8659
48
9087
4316
2616
933
6731
55
8396
8983
8009
699
1800
5349
4638
1767
1012
9009
2683
1668
5997
3015
8781
2859
7952
7319
695
4599
4328
9500
3743
8201
8548
8228
7075
5353
2377
6658
9959
3762
9806
1296
8540
7134
5621
1515
7691
3207
5441
1390
4914
282
3751
330
9676
9899
9897
4551
3922
7068
6889
5660
9753
2254
2438
1510
1911
3564
9975
5258
3888
4704
7476
1004
6578
1632
2726
2846
6074
3567
6007
2732
2484
5779
8025
6868
3297
8165
3349
2644
1535
4173
1235
4757
6841
4776
9438
8576
5665
4000
5725
5993
7692
3484
7986
5217
2632
6558
3002
8789
6944
7814
7173
5055
5094
5521
4075
959
3442
3742
5119
6124
4433
9223
6583
6283
8912
8510
6853
1181
2628
6513
2705
1844
7857
901
4201
8219
126
8238
8279
9170
5244
5641
7826
8646
7550
302
1960
2877
8747
7464
2268
8616
4068
2961
4054
8658
3781
8426
8239
6557
341
6475
6409
4958
3630
860
7322
5424
2397
369
5963
1584
7591
179
8709
5777
4298
9520
1340
259
2047
7693
2471
3803
4393
3761
2915
2167
7605
7428
8216
8841
6349
5985
3668
4146
8725
865
1889
6144
5463
7736
7848
467
8365
6442
8233
3676
1016
3917
5036
3283
2763
1306
4707
7265
7729
8906
4359
3891
1821
5908
1747
8842
4262
9672
9376
4384
212
1230
8888
4950
2757
2168
7045
3324
4095
5145
8758
3893
8446
3987
6740
5171
8913
2586
6478
2921
6305
6784
3053
801
2235
7194
4997
1179
6153
6929
1984
9647
5504
9257
4624
3749
9274
488
7155
3994
1708
7764
5935
140
5596
3716
5182
3965
7617
9491
6767
9666
7597
3293
2690
1764
2055
3573
3887
771
3093
2241
8098
8566
8941
7289
9112
32
9122
7898
2531
1106
2128
4354
8536
2947
509
9868
1842
5110
6466
2099
5108
1664
5872
5573
9582
5505
3731
6066
4179
591
8896
5247
3693
3588
7114
6114
8359
3638
8875
4842
4793
2534
4886
6663
3586
7081
9988
5730
6537
5398
4434
4568
6707
8197
9003
7051
9898
5056
1732
9192
8428
9007
3652
6814
9115
6120
1382
3350
7860
4510
1443
1091
7339
8972
1030
465
5416
5981
6810
460
5703
6100
7432
2184
2226
2563
7085
7109
1029
7323
5834
1101
308
1467
2250
4742
1864
3320
1525
3183
4941
6713
6681
6856
5568
2956
1020
5640
8283
1724
3014
889
169
6115
2830
4779
7038
881
6623
6701
3369
5067
2100
3531
3329
5206
4906
8750
2284
9407
966
5435
5915
2346
1725
4374
5795
8611
3957
3187
9550
4880
4458
6550
7610
8221
8051
7977
2109
1154
3956
9932
7409
1595
3176
4933
4031
4420
7735
3366
5352
5010
8329
8713
5657
1955
2205
8126
2389
8968
1795
6067
7560
5948
559
5038
1207
3791
9565
4195
362
318
7839
1129
4899
2461
261
6162
7220
3009
7650
2693
2301
7231
1399
9189
1633
6016
5227
1739
5486
3721
9074
8763
2356
6285
8956
3689
8927
4584
9243
1867
5282
1449
4495
1174
9313
819
7364
8307
2582
8063
7124
6083
7315
1681
461
9135
5611
6644
3373
6180
1738
7553
861
5267
2448
4403
5419
9000
8830
8091
1570
7795
8722
8695
4649
9641
8477
6559
9928
6086
3612
1058
7718
189
4517
2329
4469
9594
5379
4956
5384
2702
8439
7001
6251
4907
7856
2881
3557
8147
6280
5563
3939
6809
2709
1577
9196
4324
8367
5395
2960
7787
3820
100
3092
5342
4576
5141
5687
6735
2094
1464
733
8223
2806
4293
9300
7110
4356
3148
5645
1879
1482
3317
1228
8492
5950
2228
669
4925
9662
7010
3839
2589
1822
6857
586
1647
7974
1469
4311
1474
6608
6461
6634
7846
5051
8074
4056
495
3773
6890
4459
1605
3656
6975
2442
2118
334
9526
6524
4396
4693
983
627
9227
6862
7346
9056
8259
9978
1466
2359
8523
5668
9316
9869
450
9114
4270
5778
6202
2802
1128
5153
4399
8076
3690
2971
9010
1652
1784
2234
6742
7193
1310
9646
8811
3506
6597
4891
1636
1985
3037
3643
2826
2642
9252
1893
9660
2281
5021
3489
3968
7399
6667
3307
8955
1087
9148
408
9030
1931
2851
3168
2300
3756
6799
8081
3740
121
3467
6090
5764
3507
4840
8892
3290
4939
8720
5184
5092
6887
2295
180
3219
7263
9265
203
4731
7790
1389
6207
3047
540
7282
6714
1368
246
8241
936
6640
8032
9778
842
5481
4018
9783
3285
1205
1730
1566
3231
5000
9680
4828
3918
2925
2758
3879
8517
9218
5917
2278
7462
9779
1613
9882
7207
4431
7035
5307
3145
2754
5982
5057
356
5567
6546
8874
2385
751
521
131
4174
6510
107
664
7938
419
6937
9054
3069
526
3377
4318
324
5616
8775
5464
198
7882
4178
8229
7567
4631
7682
6062
7060
9973
2229
234
7810
6497
6110
6476
9853
581
8715
8180
7631
4345
6895
8266
5903
2277
2338
1203
1398
4204
1832
8885
3379
6571
5239
9895
8594
5525
3321
9746
980
2637
9443
1887
313
9624
6903
1946
2976
3904
4927
2428
8717
9462
2771
1611
395
2532
1286
3498
4636
8635
1868
5136
5884
6873
9658
1454
3291
830
5610
3843
6064
5474
5522
8130
7762
327
5254
9854
5531
2225
1081
9277
7907
3250
161
9321
4351
139
4512
9209
7765
1341
2347
1541
2006
3065
3295
8655
9840
7287
1065
1427
4637
5122
1048
5250
8563
4528
7875
4334
4733
5704
2634
4441
5644
1692
814
4922
3378
6996
2807
7195
3253
2832
9480
6079
2449
359
946
8940
6606
8785
31
3417
127
6246
940
2662
8539
2219
2789
6259
738
1704
2288
6166
3443
9598
1120
3465
2176
9729
813
504
3835
4675
9955
2332
3618
4919
2079
2862
3679
6697
4422
399
8810
186
9152
2546
4712
4208
6058
3428
7708
4912
1591
5869
4210
4272
737
2243
220
3499
784
78
7004
4170
4758
3859
202
3646
1991
2882
4347
9081
4078
7303
1949
2848
4826
6429
4538
522
9399
1552
6828
3941
908
2597
8122
240
2028
1765
7268
1378
3184
3411
7518
3607
5151
4748
1401
1625
6405
7382
2460
3581
1723
3420
6971
3337
2203
7640
2412
322
6727
2497
2685
4532
6164
9359
885
9044
730
3299
8850
1059
478
4727
2592
7911
3451
5662
479
7420
2936
6463
3997
8871
7769
5999
880
8425
4998
6865
9120
593
5385
503
4870
373
1559
9597
8693
7992
2240
7504
1122
7651
1646
7935
2201
2159
8270
8914
4008
9927
8952
3076
489
5482
9275
1851
166
3189
5928
9018
2897
6117
2878
2871
6899
1848
8836
8883
1722
9933
3125
4671
5546
2743
7013
2027
3719
6948
3186
3805
87
4627
912
6105
6553
8497
4746
9795
2509
924
906
6870
3866
9423
5251
256
1553
8106
2002
8627
9613
6581
4514
7092
252
9763
6324
1107
8755
625
4743
4948
4051
4501
7426
9127
6196
6384
2388
844
3627
311
2481
6871
2767
9186
8531
2869
9457
7214
6672
1472
5984
8478
4913
7831
5133
4895
6045
5896
6956
3903
7449
8057
7519
8018
5724
4142
4562
173
1259
8944
552
4511
8543
4613
4965
477
4552
1892
8168
9027
6592
1578
233
3416
2061
5549
9803
1833
1066
1113
6054
4322
7292
7491
3083
6839
9394
5708
995
1579
3540
3688
3225
3814
9924
6299
2538
3371
7893
1145
446
1545
2122
5800
2988
8878
8784
8772
9369
2513
1967
1838
4288
2325
6591
3875
1989
7754
5246
5715
3705
9199
700
7576
2668
8395
3947
8040
9119
4825
2080
6827
3453
7734
4163
1404
2463
4498
7022
6849
3437
3546
6816
7809
8173
8056
7413
9760
345
794
7847
8644
1261
2847
8069
2127
2408
8071
9991
2670
2746
7474
9306
9686
5832
7604
2263
6348
5753
5005
3106
3459
3932
6031
9231
7686
6503
714
3080
3340
1718
6531
5651
3510
6633
1703
3501
5402
38
8774
7347
7648
6858
6344
5079
3709
8278
3234
8978
5315
5540
1964
2872
452
2011
2133
6489
8551
2908
8768
5815
6923
8052
2372
5554
1376
1520
128
5131
7981
956
8929
2875
6968
9382
632
7593
8942
3129
8995
1935
4110
4543
2430
9648
6390
6910
6070
3914
8629
113
9687
8343
5024
7054
1499
3911
8280
5524
735
7401
4618
6158
4129
72
3583
5219
1670
2096
226
6012
4535
1776
9143
6514
2913
1711
782
4981
6627
2516
7460
7786
9716
1476
9614
5580
3210
99
9551
4172
9811
5592
3082
1823
4911
7260
8021
1355
2182
5898
9503
2545
4034
6002
8469
8981
9302
367
1912
3163
7305
4243
7932
7916
6249
829
5639
1010
5455
8196
6372
551
4536
3830
8624
8186
750
6057
2928
1222
3635
6595
5165
3704
3143
71
9130
2774
948
1683
8422
8645
3786
9752
9944
9433
9335
7874
3701
9190
8114
7968
8697
8826
1060
8479
4087
4557
5449
6719
8286
4684
2738
7953
3836
6302
4673
6656
5076
1124
4213
8429
1707
2567
9375
1947
8829
6459
9187
273
4265
2016
2307
6826
5485
697
2849
7742
9022
8144
982
1719
5801
9644
4629
1549
2867
6215
197
5506
8869
5717
6021
8754
4479
3300
7424
1190
1690
1204
4499
5595
717
601
8844
6649
3754
9521
4682
7186
6024
8019
5001
544
5230
718
3979
4098
8756
3598
3193
2583
6715
2951
2684
9743
3633
6427
8742
6548
5196
2934
2520
5870
1007
5625
9923
7792
4121
1880
3734
5758
8318
8468
1755
1950
7191
2601
4652
7373
1407
8852
821
9982
641
4548
4954
102
8203
3780
2902
9048
5406
281
9751
3351
9262
9808
8650
2103
2101
5562
8559
773
2275
4580
3599
1210
579
9078
8355
1219
7781
145
6155
2392
8172
2963
2436
3017
3732
3865
1239
1617
9104
923
9706
2828
9739
6421
7943
4451
3999
5854
663
9172
2533
5970
793
7083
8183
8577
941
8193
5199
7363
6825
5497
6833
8794
6772
5582
2837
7050
7690
7624
6908
8001
241
1956
8679
6817
6935
2286
4908
2022
4974
1149
5846
8088
3779
2415
7100
9873
1374
2082
9314
6566
6695
4157
9678
2066
7358
9202
5427
1221
704
4216
9816
531
3514
4622
4841
3152
4502
6904
9691
6813
2261
9510
5033
3211
7285
6149
7922
1431
6240
4386
4890
471
2664
6389
1992
2649
3559
6725
1421
2193
2317
1253
1156
7351
3552
2008
8450
1629
6218
7259
5536
3257
8457
5243
4012
2600
5830
935
162
1598
1975
8072
6926
3359
7436
7743
8127
3220
8678
4639
9437
9818
874
2911
2291
9885
803
6958
8777
9509
2287
9204
8276
4329
7910
1700
9931
2209
2015
4254
5050
4088
6776
6199
5987
4337
1733
6830
8465
1873
4300
9295
3227
1852
3714
7866
7647
1448
1053
9038
7522
1944
8207
3620
3798
2980
3068
1056
6918
2865
2386
4798
2740
3104
3261
3348
8562
4750
5361
5589
42
9987
3259
9147
693
851
5656
534
5394
7431
5444
7904
7555
27
3934
9431
5413
6914
796
4233
6195
4378
5924
2903
9596
4574
6575
9091
990
1026
1897
7005
3118
5181
1754
1019
4350
5040
7438
5544
8093
9502
6423
7724
6800
7991
3481
2265
8904
4648
5647
5476
1538
3629
9402
6737
1968
1653
8360
1278
9334
2215
1284
9266
4074
5824
1141
7947
8582
2147
7909
9832
2809
24
8745
7542
6093
2622
9756
8688
9985
62
1750
3339
7064
4182
6805
5364
8135
7077
6829
7309
4060
3608
415
232
8248
2751
2033
4802
3478
8317
8335
3260
1813
4073
1085
902
2134
4947
5322
2643
7889
655
6811
8642
6462
8121
8264
7467
9024
5635
8980
375
5318
2085
9777
4443
5881
1493
5676
1034
5765
4471
2466
3955
7899
4283
8707
7249
6710
5940
7036
4760
1830
3698
3664
6717
3624
6103
3486
6952
1546
6522
8924
6050
897
3793
8949
9162
807
3672
8171
653
598
776
3594
2700
6614
1914
9768
3561
3180
2207
659
6317
7000
9669
398
2029
9607
5566
394
1734
4938
7890
5472
7317
4131
1645
7579
8268
6452
7526
571
1936
9585
1001
8606
9645
8272
9628
3466
2953
4064
6511
2485
5508
5375
3332
269
4753
4292
633
6812
3848
8440
8212
98
4655
3414
1046
8985
7921
2183
3497
7544
86
945
4789
2378
5118
1886
5691
5663
3111
2185
3595
7379
7669
9538
1682
1684
1616
9015
2560
8349
8163
1563
3845
1343
5845
8931
2724
7120
1542
8387
7996
3653
6220
5400
4239
6440
9965
5976
6047
7381
9136
4975
4191
974
8853
4812
3530
8058
7119
510
7352
7344
5158
2054
8920
7852
8485
469
6749
5297
6859
8178
2259
1211
3868
9621
8555
1974
4966
8027
3457
7627
5270
5176
634
1793
9910
850
8589
3110
708
5520
5702
988
6636
7531
4646
6763
2805
7067
546
68
3357
5211
3723
9712
8466
2009
384
3367
6059
9903
6762
9338
4039
5648
7625
6308
8689
631
8379
5827
1044
9019
7325
553
9116
5974
3004
9708
6420
7356
7337
7411
7672
6587
4222
1415
8812
8549
7779
1186
3750
2246
9921
323
4228
2829
8254
3326
3908
7179
5271
3198
1898
886
90
1805
1603
2423
1484
3336
4647
2375
5249
9952
5711
3496
5930
7248
7277
8227
3468
3173
9219
6806
7190
3271
905
1314
193
5880
2938
7739
6860
831
1194
2256
1155
7613
7815
9849
5062
6490
1458
5910
2121
1138
9744
7750
2598
9563
2815
4235
6925
6861
4678
5603
1429
4236
9439
1416
4453
4990
4442
7170
9810
4492
2609
1735
215
6134
6370
84
1674
8994
9726
13
7086
1331
7353
9755
9591
8337
955
5672
8358
9654
6495
7716
1372
984
2074
9487
136
7949
4664
4663
2813
4949
1339
4385
8326
4321
4187
5163
4852
5811
5103
366
8424
2328
6223
2360
7003
1075
8243
1835
5072
8175
8308
6602
6585
7486
8156
7937
5096
3301
6747
7183
2154
470
6641
1962
9769
5
6268
165
9668
4430
8356
514
152
3456
5633
1460
7820
8800
91
8169
9332
6201
3631
8926
6712
5574
8526
6728
5120
748
5192
396
4527
3713
2124
2178
158
3164
297
6245
3726
5675
1511
8342
5228
9723
5344
4440
8066
4169
1095
608
6998
8078
397
4238
3233
97
9432
279
20
1365
9684
7609
9829
3680
3553
7328
9694
9637
7397
6300
8115
7483
1504
7308
9109
3022
4435
8728
7777
9787
9272
1941
7445
1109
6615
254
3397
4256
3924
573
339
2341
4896
3051
3215
1834
2339
7737
4320
9212
766
7616
1
3212
2781
9556
698
5049
7681
7832
8145
6628
3155
7122
9471
4123
6632
2175
6078
4226
7101
2144
7264
2548
8225
7113
7244
6474
1748
7385
2351
3447
7252
2825
2305
2403
4281
4006
4041
4695
5252
2302
2419
6493
2573
6945
1329
4462
2024
6243
2914
1456
2708
9450
8792
2043
2756
3976
6171
2646
4207
3591
257
2994
2310
8704
1370
6239
6408
1597
2528
7088
8797
9194
903
8344
921
828
4819
3945
7361
250
630
4617
1772
3058
8799
7656
8809
4444
2212
1439
7006
9512
9059
7087
4978
1409
247
6411
5555
3990
3006
4081
2500
3033
3388
7658
77
6419
4930
5236
8064
9836
2640
5305
6791
7174
8936
5294
9989
3268
8423
109
1712
8095
8967
1217
8471
4701
6679
5177
2190
5511
4960
6938
1309
7151
21
7312
9554
9793
79
7964
855
8449
8377
7415
1408
6655
7524
1526
636
8047
1360
3374
9605
9418
6700
3149
4725
6173
5918
3657
6647
4795
4372
3146
4961
5494
7878
5835
1826
130
6388
5519
2179
9798
8973
899
4267
8760
808
8246
9233
1470
7222
6852
5359
4714
7730
4438
2555
9386
4237
94
2370
286
5583
487
2675
1290
9834
644
5819
1789
3877
5207
610
9042
5063
8832
8615
8325
1637
3224
4809
5225
1675
4689
9813
4428
1096
7812
9200
4465
7523
8436
4406
8391
3391
4161
3775
7528
4504
1121
2491
7332
206
9570
1958
3431
3052
896
2625
1862
199
5752
8404
2857
4923
5755
1406
6481
1583
2973
6425
8803
9442
1762
5434
4730
5127
2836
879
4145
1418
7950
5321
1143
815
223
8962
6346
7080
7598
6061
9036
8089
3103
8427
1080
9244
4367
6044
9254
2365
8213
734
9296
1123
1487
2151
2503
9371
6329
9870
4737
3718
6106
3739
5175
6846
7740
5742
9884
8672
3554
7511
6275
7014
6751
6376
963
5942
3985
9722
8879
1802
9341
9994
3255
8155
2736
103
3151
3795
3776
2694
8210
4057
9151
1356
4592
2087
8409
4162
862
3472
1841
9913
558
2200
3521
7655
9754
6334
726
4106
4984
3099
7261
1173
7392
2255
5613
3844
6547
848
6118
2689
2076
9992
960
2930
5150
8456
5376
3568
2434
7142
6912
1161
6523
4630
755
5588
9809
6203
6993
8565
5670
4784
6209
4348
5919
3493
9012
5039
5739
4614
2
7642
3535
5126
2084
6764
1051
350
8630
6779
9246
1295
6509
1354
9240
1241
2648
3399
1876
3854
74
6025
5095
4783
9727
5849
3059
81
9515
4657
1243
4777
9377
8903
4048
6342
9830
6711
8273
3788
7806
15
8143
312
3974
6746
4945
6637
7908
666
6366
4407
4151
6485
4009
9501
6235
492
2222
2371
9828
8851
9775
7767
6807
856
5032
7585
6573
8226
675
5619
6444
4102
2444
9378
4028
2916
7849
6687
5542
9315
2248
592
8176
541
3670
9043
1699
2361
6356
882
8512
7757
8712
7091
2565
867
7807
7062
4991
8386
2091
9417
7184
2504
2355
618
7278
681
8392
6094
5313
8473
129
9422
4058
8346
8778
7928
494
9990
7901
9611
4721
4755
542
9245
5716
7380
1116
2258
7056
2049
1073
8556
7422
2393
1895
4379
7541
4423
3611
1517
6407
6823
3821
5655
4509
8452
9309
219
290
5879
4987
8796
7161
7376
7508
668
4382
9831
6536
4339
1503
9041
493
4581
3909
142
8384
5253
5914
2413
5590
4865
243
4463
2824
2673
3034
8099
2384
1377
6556
2292
8017
3153
4772
1134
4716
1622
7959
1564
8600
7345
7276
7172
8680
9887
605
4531
7722
7226
1005
1831
9960
2858
2166
4468
8821
4027
7137
8661
9741
8502
8080
329
7459
1915
1397
1333
9650
8867
502
1987
9583
1623
7710
2542
8209
2786
887
2804
6487
7104
9337
1236
2407
4878
5431
5598
5798
2451
7951
943
3500
1840
5805
9545
5289
1483
7744
548
9033
8916
1369
7728
6916
2160
57
5822
8979
5022
2042
9391
4752
4137
8011
2456
7375
5144
2658
7481
8020
1902
9464
9852
1432
6888
3042
2651
8348
5891
9031
2931
4035
7112
7714
1807
1649
7760
7213
7694
2641
6718
6174
7416
3587
1088
1172
8788
1691
645
6221
9205
8419
287
4780
9681
9880
1607
3801
1917
1853
5187
964
2052
1367
7836
1731
5117
8846
2744
1850
9690
9577
6422
587
1006
8690
4452
5149
6161
6760
7099
3088
2728
9934
9132
33
2196
8237
596
1621
7670
2906
9388
8599
4086
34
4768
6603
5099
7784
3515
9311
6151
3055
3435
3276
1160
1556
4290
4194
5821
3138
4461
3926
6177
8133
7594
6137
3314
4545
991
9326
2202
5026
4489
1608
5608
4554
3902
9034
6224
1169
1567
798
1285
764
5745
8596
6607
9474
6768
5003
5274
8136
2974
4115
8835
210
9001
5204
6131
670
3605
6198
2107
8065
1557
5139
6815
9630
3023
229
8100
1050
6533
7497
8700
1420
7125
1063
9176
442
7506
1267
207
7741
8493
4241
8579
5909
3335
8619
4862
4808
2762
4449
3013
3789
5186
5629
1301
6502
3675
1388
2102
4472
4421
2414
1502
6073
849
8462
3298
3541
9980
4310
8805
920
2354
6247
5332
3325
1330
6018
1015
5090
2152
4546
6303
2119
568
1779
8893
1922
5298
8289
818
3289
8154
1351
7551
2445
106
9667
4537
1303
1000
3100
6698
3529
8454
4319
5489
1247
3444
9455
3460
2165
1338
1940
3823
7821
138
6966
9100
5677
9188
7747
8706
2798
6808
7489
8613
4408
2458
2993
3975
3912
1103
6834
3565
5812
4301
8726
9661
4312
5123
317
8195
2801
3248
8411
8820
8036
9370
6186
6590
3715
8945
4215
9146
6706
4544
381
7646
6494
5679
9069
4344
3008
6232
8951
3038
1473
612
2721
7123
9819
2810
6995
6333
7709
572
4118
9331
1665
7074
2324
3188
629
6288
7417
2032
7150
4877
6988
9351
9615
192
9781
5284
6184
715
2595
777
1512
9494
1349
4402
7763
3919
2612
299
3937
2322
1746
3232
9099
8677
7357
4266
9448
9344
975
6087
7461
5157
2691
7673
1771
9659
9014
1461
9414
8813
4244
8357
968
2194
5491
6551
8185
6554
1508
6848
7224
2653
9047
1869
3610
837
5215
5440
5947
5041
4167
8190
4516
9871
4598
5744
3400
4522
4634
584
9156
1749
5816
9477
5658
1244
8134
4404
9765
3696
4751
5699
376
3651
497
869
9983
1717
1865
6112
9214
2315
5203
6226
3222
5551
2056
8614
6048
8202
4770
4120
2075
1638
9193
6617
3003
2996
4993
2004
385
8159
5980
4333
2927
660
168
5410
4962
6205
8004
6688
9902
6447
754
992
28
7066
9002
6822
6455
7009
5518
9993
6840
7395
8251
5456
7360
3482
9118
6453
5559
7644
5256
4294
8369
9184
3382
7039
9235
6588
9518
8179
5447
4989
3440
3476
3825
2400
9353
2741
9824
8113
9297
7666
9006
3376
6512
961
3181
8571
7076
9058
9405
4508
9826
9528
426
5550
8527
4023
249
3303
2245
9737
7169
8305
8341
5857
694
4653
7574
8508
2966
1678
8694
2113
9441
9588
4876
5943
1275
5990
4093
1307
7163
5526
3852
8464
811
2842
8665
5454
7304
5680
6758
5128
4781
1943
2431
8966
7223
9350
3025
6361
1163
3834
9838
3066
5300
2387
1209
6694
2827
4836
7383
4969
884
8753
4822
9865
1133
4069
2718
4579
6682
9766
6983
2369
3279
9945
3534
1506
5265
8990
6296
2895
1055
5916
9604
8313
5484
36
7218
5604
5661
6654
1666
3815
1132
8902
3988
7301
3684
5367
7971
6148
6439
637
6273
4101
2959
2279
9308
987
8651
3851
4831
1260
9949
8721
2536
3158
9527
3354
5547
4387
5279
4952
7619
8584
5719
2661
5457
7835
2135
2311
6705
1488
321
6360
1574
8263
8206
425
7477
1271
4203
2062
7840
994
6930
8729
5214
3425
9522
6789
7715
9191
3544
1434
5193
5242
7581
5436
792
3191
3846
8
3483
3737
5701
8595
2777
35
2495
5147
153
9365
3192
1870
9724
9163
1152
1849
6699
8101
1135
4253
3413
2417
8564
7924
2059
6690
1131
778
652
2340
8522
3097
9329
1921
278
5886
8148
7106
5855
4625
1136
3471
2666
599
1468
6951
5783
9486
2477
3838
6854
1882
7942
1518
7941
2677
1242
2856
3266
4013
7725
3874
1196
5109
133
8669
8739
7824
2141
5459
4573
7948
4227
328
1973
3098
7033
8762
3898
6748
5045
6685
2570
1437
9715
6040
8529
9454
6639
2320
5732
1881
2081
8215
638
4705
9926
5630
7334
8252
4606
9066
2427
562
7706
3078
8609
9997
8930
5726
5510
6252
9179
9197
4817
7044
1176
1630
7472
6213
4313
409
7502
6680
9986
2303
2834
8444
5770
7485
554
9937
7780
2593
5556
6892
8372
8311
441
6102
9071
6594
3185
1240
513
3464
6027
9305
688
7372
1110
8628
6616
1395
6708
6778
9416
8569
5082
92
2071
314
7026
6586
7800
3649
1620
4445
6004
2584
9428
7433
1150
4436
8368
8271
5760
3174
8530
5421
635
6446
2577
822
9228
6673
175
7178
6238
3585
1062
736
9225
9276
4176
2078
9232
5439
2773
5866
8988
9488
5009
2020
6289
2932
2197
3060
2396
8884
6801
6393
8976
8435
9198
5579
6181
9794
4149
5807
5415
6437
3370
6947
3439
977
5594
4774
272
5148
3178
997
5396
8804
5309
7329
8854
6519
5512
7861
585
1287
4897
6991
7940
9261
3217
6726
9102
95
1812
7377
218
4794
7019
1751
4419
9349
8400
7514
8120
5452
1028
382
7745
6872
7507
2957
8593
9782
9517
2968
1191
9248
9664
4480
1655
4797
7496
2687
2540
1782
23
3263
5575
7766
6730
6391
5722
1137
8336
1126
5839
4214
817
2494
6950
3869
6255
6907
2899
6552
298
3857
2411
7590
9728
4278
4415
7007
2267
4342
5262
7774
671
2614
9893
9317
616
4223
8403
2761
7203
4699
7818
747
7391
4807
7024
8467
8933
8503
5780
6436
4284
353
5312
4111
721
5735
5828
5593
2752
4540
2163
6315
4010
1477
6520
3030
1531
1843
6328
1428
2660
3694
7963
9286
4483
6741
4744
2473
5077
7002
2048
1345
5327
787
1373
576
9467
8417
4246
7156
5564
7548
354
5098
7639
4323
5843
8647
7868
5260
9977
4264
4181
7872
8261
3840
6122
3686
1728
6577
3494
7453
326
578
1159
7284
5887
3423
6482
1905
1729
4164
640
4287
4520
2498
413
391
5288
7366
7881
4534
6030
5257
6793
3028
7196
9800
2918
2073
6107
1097
2309
732
4250
214
9844
7023
3876
9134
5314
1861
6486
8716
3287
2796
8681
2574
5890
604
7561
6081
1279
5391
9859
9508
1047
9692
916
9303
841
9126
5360
2148
8401
7643
7388
3547
6743
4296
8802
3632
711
6167
8459
1117
3824
8618
8751
4059
1599
5370
2120
6211
3433
7211
5774
8096
4077
7046
7441
6336
238
4389
7458
4392
9005
3556
7845
8302
6084
2983
19
8161
2923
9610
7338
8060
758
3165
2910
8073
6600
3522
9561
4918
9446
8303
2353
4934
4553
5188
9398
7888
9459
3758
3964
9999
7138
3551
937
2005
2760
9725
4507
2440
3654
686
904
9996
4964
6435
5326
9356
424
9920
1775
677
7262
4306
1396
2939
4785
1465
53
7623
5965
4882
3122
6026
6412
684
6960
4872
3790
3056
418
7653
2892
839
989
9874
6290
7084
6869
8814
2722
7629
1346
8319
9320
7454
9249
9788
8288
2401
6028
7859
9673
6648
301
5852
4042
9026
4900
8481
8067
5292
6395
6720
9107
6664
7698
9584
7546
2779
9238
2920
4792
3306
3986
5311
8737
8399
2138
3077
9258
952
7343
7073
1350
2753
7012
741
8187
824
7037
204
2729
7235
8640
2297
2489
3942
752
8433
2512
1311
5100
3214
5198
3855
2519
3358
979
9067
8494
295
6190
1761
124
4662
4376
5731
6572
7256
7336
7823
8005
6014
5736
8160
2850
6416
6739
9229
7307
6364
1158
3010
646
5794
3115
3389
3331
8397
5653
6354
9466
5337
1385
7447
6961
9587
5693
6001
3081
4410
5576
325
1926
7637
4279
5025
8421
4405
8205
8866
2216
1485
9856
296
4920
1471
3722
2795
9817
3920
5113
7160
5528
7362
9901
3046
8741
388
6230
9096
4007
7761
6666
3284
2986
4259
7703
6850
9161
3239
2975
7129
37
4921
7925
9612
4412
7475
8610
3784
5018
5587
5310
9434
5008
9
8170
1539
2602
4745
3661
496
4871
5577
6185
6310
6541
1634
6219
5030
3473
6770
9281
2051
1945
6471
1086
1313
9250
2164
8544
7711
7633
6909
2696
2390
3973
5097
1224
2204
1659
4855
5591
1532
1118
8184
5420
7266
1957
8524
6922
8591
462
6738
6759
9090
8506
8572
1334
3403
3792
5873
6716
9749
6526
6906
7791
8660
3072
9625
4608
9182
4529
7197
3485
8919
1580
4533
4391
2697
4977
7041
6515
9523
6278
5967
9953
9968
8863
58
1447
7998
6911
1662
9180
406
3730
7135
3000
4218
5125
8732
8012
4955
3062
7270
187
292
6092
4040
7229
4732
3384
928
4361
4843
5667
7499
6973
2416
7520
4380
1999
5850
4759
6601
2065
6962
2525
176
8684
5012
9531
6790
6835
414
6320
303
1596
1459
5164
6915
104
7798
3747
154
7096
9424
4416
620
6484
5209
2063
9404
8054
6955
1336
1213
1687
4362
319
507
2045
5624
9733
9649
7439
4150
6197
7200
4202
3156
5921
9504
405
2831
9771
4665
191
4047
7471
5856
8859
2886
3364
7913
6076
8410
7956
6831
2468
3543
6210
858
73
7527
112
6985
5052
3309
9558
8718
155
7934
5084
3827
9025
5669
9395
5002
9792
7059
9970
2969
4076
4858
8639
4816
7638
5443
8786
6756
5046
6282
76
2919
5392
915
4767
5609
4635
9567
871
9742
2880
583
8766
5115
7421
8515
9837
5453
2529
4875
606
3867
8247
9534
3272
2469
4710
5535
4193
8857
9064
4818
3407
6882
2223
5718
9845
9683
1726
5329
1187
4189
9608
9562
1064
7167
2505
8891
1436
4697
4593
7797
5932
7570
9633
4681
3275
5634
5261
7425
7350
6216
6068
9045
5762
5059
511
2739
4616
7016
9805
8699
7117
8084
2046
6702
447
2093
4381
1680
6659
4904
268
9267
7516
7271
5283
6976
5905
7771
2937
1994
9640
1695
2784
5069
8383
8953
9396
8819
6843
182
9593
7865
8488
39
8770
7435
1017
8759
4079
260
1920
6518
1497
1671
804
9784
3717
3190
6441
8117
8123
2885
3662
9325
1817
2433
7537
2821
2072
2794
4799
4976
4331
682
5545
30
1400
5971
6140
4383
4901
4065
2409
4766
5333
8491
7255
4970
6535
6599
2629
6460
1077
3663
6780
4232
1023
4280
1527
7011
7789
1588
5160
8925
7031
1391
7751
1318
8413
5423
5338
6981
5007
5169
6638
7335
387
8181
4200
8103
4190
2568
4211
7944
2374
8969
5773
2731
1215
9629
3978
7143
3760
4651
2257
5277
8232
